    0.1
     20
     18
*
      1
     12
     77
     35
     79
     32
     70
     40
    174
     94
     46
    176
    211
     27
*
      2
     13
    235
    120
     57
     57
     45
     51
    110
     49
     25
     39
    153
     39
     77
*
      3
     13
     92
     50
     21
     60
     42
    170
     30
     89
     69
    104
    148
     50
     65
*
      4
     15
     77
     83
     68
     42
     35
     80
     48
    105
     39
    190
     43
     46
     61
     43
     87
*
      5
      9
    124
     47
     59
     46
     42
     71
     54
    422
    190
*
      6
     16
     96
     90
    103
     38
     78
     63
     31
     75
     29
     30
     35
     55
     80
    101
    104
     44
*
      7
     15
    170
     70
     62
     57
     42
    102
     36
     34
     96
     58
     44
     36
     45
    141
     50
*
      8
     14
     92
    119
     32
     44
     59
     59
     51
     39
     41
    141
    147
     93
     89
     44
*
      9
      9
    128
     73
    289
     71
     45
    262
     50
     45
     44
*
     10
     13
    299
     54
     29
     31
    110
     51
     20
    114
     30
     43
     53
    113
     80
*
     11
     12
    174
      1
    102
     50
    144
     46
     32
     77
     54
     75
    163
    207
*
     12
     14
    184
     27
     45
     36
    167
    124
     52
     35
     81
     29
     34
    184
     55
     26
*
     13
     17
    150
     57
     30
     41
     46
     52
     42
    138
     77
     28
     53
     58
    110
     31
     57
     34
     41
*
     14
     18
     66
     38
     97
     28
     28
     34
     31
     68
     37
     27
     66
     71
    140
     19
    166
     37
    107
     36
*
     15
     13
     77
     60
     56
     45
     48
     38
     23
     54
    148
    118
     66
     49
     46
*
     16
     13
     74
     43
     57
    238
     54
     86
     20
     94
     68
     68
     88
    106
     45
*
     17
     14
    148
    159
     38
     35
     86
    146
     43
     45
     87
     40
     40
     36
    138
     43
*
     18
     16
     86
     38
    105
     68
     70
     67
     74
     92
     82
     36
    116
     35
     68
     66
     32
     47
*
     19
     13
    153
     75
     28
     92
     30
    126
    128
     96
     43
     58
     48
     42
     65
*
     20
     10
    164
    101
    140
     32
    102
     66
    138
    110
    112
     84
*
 e
