    0.1
     19
     29
*
      1
     27
    111
     30
     27
     26
     32
     41
     50
     31
     33
     31
     35
     34
     45
     35
     36
     55
     46
     30
     29
     42
     44
     38
     40
     34
     50
     32
     37
*
      2
     25
     76
     25
     25
     30
     33
     40
     31
     31
     41
     32
     34
     48
     42
     32
     50
     41
     40
     44
     43
     38
     56
     29
     28
     34
     76
*
      3
     27
     69
     29
     27
     30
     40
     29
     29
     43
     33
     47
     41
     37
     34
     32
     49
     43
     30
     34
     39
     52
     41
     46
     36
     42
     59
     33
     42
*
      4
     26
     84
     27
     34
     30
     38
     31
     32
     29
     34
     51
     33
     36
     32
     32
     37
     63
     43
     43
     35
     37
     38
     37
     45
     54
     46
    104
*
      5
     28
     70
     28
     29
     25
     31
     42
     31
     30
     35
     30
     30
     51
     27
     31
     31
     26
     27
     46
     35
     58
     37
     45
     32
     37
     50
     40
     53
     41
*
      6
     28
     71
     27
     24
     33
     29
     30
     42
     35
     29
     47
     37
     40
     29
     32
     38
     42
     71
     42
     35
     43
     37
     63
     37
     47
     28
     31
     82
     27
*
      7
     25
     88
     24
     25
     24
     25
     27
     27
     23
     30
     53
     38
     44
     33
     34
     35
     42
     71
     49
     51
     43
     37
     68
     44
     41
     52
*
      8
     27
     85
     27
     34
     30
     29
     26
     26
     33
     35
     36
     36
     40
     44
     34
     53
     33
     37
     41
     40
     31
     48
     40
     31
     46
     46
     64
     55
*
      9
     27
     83
     25
     24
     27
     33
     39
     43
     34
     36
     38
     32
     44
     44
     31
     57
     33
     34
     32
     38
     40
     35
     61
     44
     30
     53
     73
     70
*
     10
     27
     82
     25
     23
     23
     30
     33
     40
     37
     39
     28
     44
     40
     41
     40
     51
     34
     40
     40
     41
     43
     30
     49
     42
     38
     61
     30
     36
*
     11
     28
     60
     23
     26
     23
     25
     29
     27
     27
     41
     36
     39
     65
     39
     43
     54
     31
     29
     41
     61
     30
     38
     32
     36
     70
     34
     31
     43
     91
*
     12
     27
     67
     24
     29
     33
     26
     25
     33
     34
     32
     30
     34
     37
     44
     57
     62
     28
     32
     48
     39
     45
     36
     63
     43
     63
     29
     26
     50
*
     13
     27
     72
     26
     45
     29
     36
     28
     32
     28
     24
     27
     30
     28
     33
     36
     51
     40
     45
     41
     51
     40
     33
     76
     46
     26
     49
     40
     63
*
     14
     28
     69
     28
     25
     25
     29
     21
     25
     29
     36
     43
     32
     33
     30
     35
     44
     33
     31
     39
     57
     43
     49
     19
     20
     30
     47
     96
     35
     48
*
     15
     29
     62
     24
     26
     19
     34
     30
     28
     27
     34
     42
     32
     55
     35
     33
     30
     33
     35
     35
     22
     32
     67
     48
     32
     32
     85
     37
     35
     41
     45
*
     16
     28
     55
     24
     24
     26
     27
     37
     34
     37
     32
     35
     30
     25
     49
     49
     20
     23
     36
     36
     68
     40
     29
     45
     47
     41
     44
     33
     74
     29
*
     17
     29
     67
     30
     25
     25
     44
     39
     38
     37
     27
     27
     32
     45
     41
     28
     42
     32
     37
     35
     38
     36
     55
     26
     16
     49
     39
     35
     30
     39
     95
*
     18
     27
     64
     24
     29
     28
     23
     25
     27
     30
     30
     40
     31
     32
     26
     30
     36
     34
     53
     48
     50
     52
     28
     18
     47
     54
     77
     48
     41
*
     19
     28
     61
     25
     30
     32
     27
     34
     41
     35
     34
     37
     31
     29
     27
     51
     39
     49
     44
     59
     42
     36
     36
     32
     35
     41
     40
     65
     54
     23
*
 e
