    0.1
     19
     20
*
      1
     18
     25
     72
     27
     44
     54
     56
     47
     49
     46
    150
     29
     43
     65
     33
     45
     45
     85
     32
*
      2
     14
    137
     56
     61
    167
     52
     20
    109
     53
     55
    172
     35
     30
     53
     38
*
      3
     17
     82
     39
     59
     38
     28
     43
     90
     44
     31
     45
     24
     62
    134
     58
    207
     27
     29
*
      4
     14
    435
     63
     35
     27
     33
    113
     43
     37
     57
     71
     42
     35
     48
     21
*
      5
     18
     91
     54
     45
     60
     39
     26
     67
     59
    144
     37
     34
     40
    100
     49
     52
     51
     41
     53
*
      6
     13
    202
     34
     77
     66
     28
     29
     68
     35
    151
     29
     37
    219
     95
*
      7
     17
     98
     67
     45
     67
     70
     21
     56
     68
     33
     23
     23
     57
     57
    147
     56
    102
     88
*
      8
     19
    116
    108
     42
     16
     31
     36
     30
     61
     42
     60
     37
     50
     59
    103
     31
     49
     96
     40
     14
*
      9
     14
    253
     28
    167
    128
     29
     34
     45
     71
    136
     34
     37
     16
     45
     45
*
     10
     18
    109
     32
     89
     16
     19
     47
     29
     39
     89
     55
     61
     62
     24
    141
     41
     59
     64
    111
*
     11
     16
     82
     14
     25
     23
     78
     51
     39
    119
     24
     31
    104
     25
     33
    287
     27
     63
*
     12
     16
     65
     29
     93
     57
     32
     98
     47
     48
     29
     64
     52
     16
    240
     54
     59
     54
*
     13
     17
    135
    114
     30
     46
     30
     49
     50
     70
     44
     45
     68
     63
     90
     51
     79
     95
     25
*
     14
     16
     50
     39
     47
    100
    144
     71
    107
     33
     58
     34
    104
     40
     61
     28
     98
     66
*
     15
     20
     95
     90
     43
     59
     43
     55
     65
     39
     33
     21
     73
     42
     50
     80
     52
     40
     21
     28
     57
     57
*
     16
     12
     83
     90
    125
     85
    170
     29
    159
    104
     51
     50
     47
     42
*
     17
     18
     72
     16
     34
     50
     32
    191
     43
     53
     53
     73
     43
     35
     38
    108
     75
     67
     35
     62
*
     18
     14
     92
     33
     30
     80
     41
    113
     27
    167
     56
     84
     38
     66
    115
     41
*
     19
     16
    118
     26
     86
     33
     31
     53
    108
     31
     52
    111
     13
     18
     34
     85
     98
     58
*
 e
