    0.1
     31
     43
*
      1
     42
     52
     20
     18
     17
     16
     17
     19
     19
     21
     22
     26
     22
     21
     24
     24
     22
     30
     26
     27
     30
     24
     23
     27
     25
     24
     27
     27
     27
     28
     27
     26
     25
     30
     27
     27
     28
     28
     26
     31
     27
     28
     30
*
      2
     40
     48
     20
     18
     17
     18
     18
     18
     21
     20
     19
     21
     22
     24
     23
     23
     29
     26
     24
     27
     26
     27
     26
     26
     24
     28
     32
     28
     28
     33
     29
     28
     32
     28
     25
     29
     26
     37
     28
     30
     32
*
      3
     40
     51
     21
     18
     19
     19
     19
     19
     21
     22
     21
     24
     25
     24
     26
     26
     23
     24
     25
     25
     26
     26
     37
     24
     23
     26
     29
     27
     29
     31
     35
     29
     27
     27
     27
     28
     30
     32
     32
     29
     39
*
      4
     40
     52
     20
     18
     17
     18
     17
     18
     20
     19
     21
     22
     23
     25
     22
     23
     25
     24
     25
     29
     29
     28
     34
     29
     28
     21
     25
     28
     34
     28
     29
     26
     27
     31
     27
     29
     33
     33
     35
     31
     27
*
      5
     40
     51
     20
     18
     18
     18
     18
     19
     20
     23
     23
     22
     21
     21
     21
     28
     25
     26
     27
     26
     25
     28
     28
     27
     29
     25
     27
     23
     40
     33
     27
     32
     27
     29
     34
     25
     26
     31
     33
     26
     26
*
      6
     41
     47
     20
     18
     17
     18
     17
     19
     18
     19
     18
     20
     19
     19
     23
     26
     27
     30
     25
     25
     25
     25
     26
     26
     34
     28
     28
     25
     26
     32
     31
     33
     35
     31
     28
     31
     26
     27
     31
     30
     31
     30
*
      7
     41
     48
     20
     18
     18
     18
     17
     18
     19
     20
     19
     20
     20
     21
     23
     23
     23
     27
     23
     25
     24
     25
     26
     24
     30
     32
     32
     30
     29
     28
     28
     31
     31
     30
     34
     31
     28
     29
     29
     29
     28
     29
*
      8
     40
     48
     20
     17
     18
     18
     18
     19
     19
     21
     20
     21
     16
     28
     24
     23
     25
     28
     25
     31
     28
     24
     22
     23
     27
     31
     29
     31
     36
     25
     26
     28
     28
     26
     30
     31
     28
     27
     34
     25
     37
*
      9
     40
     50
     19
     18
     16
     17
     18
     17
     19
     19
     21
     22
     25
     25
     26
     24
     29
     26
     33
     27
     28
     24
     24
     25
     27
     27
     29
     25
     40
     32
     28
     31
     27
     33
     28
     29
     37
     30
     28
     28
     29
*
     10
     40
     48
     19
     18
     17
     18
     18
     20
     21
     23
     24
     23
     23
     24
     21
     24
     25
     36
     30
     23
     24
     24
     29
     25
     29
     28
     28
     28
     29
     27
     30
     42
     31
     27
     25
     23
     30
     27
     41
     29
     35
*
     11
     41
     50
     20
     18
     17
     18
     19
     19
     19
     20
     23
     22
     22
     22
     23
     24
     22
     23
     29
     24
     28
     27
     31
     24
     29
     30
     27
     28
     31
     29
     24
     30
     34
     28
     26
     26
     27
     39
     31
     38
     30
     26
*
     12
     40
     51
     20
     17
     18
     17
     19
     21
     17
     19
     21
     23
     25
     25
     25
     23
     24
     26
     29
     29
     23
     27
     30
     29
     29
     29
     26
     25
     26
     26
     31
     26
     28
     29
     26
     29
     33
     33
     28
     28
     33
*
     13
     41
     46
     20
     18
     17
     18
     18
     19
     19
     23
     22
     24
     23
     25
     24
     25
     28
     24
     27
     32
     24
     25
     22
     26
     26
     30
     30
     31
     30
     30
     26
     27
     30
     33
     29
     28
     29
     36
     28
     24
     34
     45
*
     14
     41
     51
     20
     18
     17
     17
     18
     18
     20
     21
     23
     19
     23
     22
     21
     26
     26
     26
     24
     24
     24
     27
     29
     31
     28
     28
     30
     30
     30
     25
     28
     34
     26
     24
     33
     25
     32
     33
     29
     25
     28
     34
*
     15
     41
     42
     20
     19
     18
     18
     19
     20
     20
     19
     20
     20
     21
     21
     23
     22
     24
     29
     26
     25
     30
     22
     27
     29
     29
     28
     26
     26
     29
     32
     26
     29
     24
     27
     32
     34
     28
     31
     23
     39
     27
     29
*
     16
     41
     47
     18
     19
     18
     17
     18
     18
     21
     23
     22
     21
     24
     23
     23
     23
     22
     27
     25
     23
     23
     24
     27
     25
     31
     33
     29
     25
     25
     28
     26
     30
     31
     33
     26
     28
     36
     28
     34
     32
     26
     25
*
     17
     40
     47
     20
     19
     19
     18
     19
     19
     19
     22
     22
     24
     22
     22
     21
     28
     26
     23
     25
     25
     28
     30
     30
     25
     26
     32
     33
     29
     22
     25
     29
     27
     28
     25
     29
     29
     32
     28
     28
     25
     34
*
     18
     40
     50
     22
     18
     21
     18
     19
     19
     20
     19
     20
     21
     22
     24
     27
     24
     22
     26
     32
     27
     29
     27
     28
     23
     27
     29
     28
     29
     27
     30
     31
     28
     25
     28
     28
     35
     27
     31
     30
     28
     33
*
     19
     41
     47
     20
     18
     17
     18
     18
     17
     19
     22
     22
     23
     24
     25
     25
     25
     26
     30
     25
     25
     30
     26
     30
     32
     27
     24
     25
     28
     29
     28
     25
     28
     29
     29
     31
     27
     26
     24
     25
     32
     39
     26
*
     20
     42
     52
     20
     18
     17
     16
     17
     19
     19
     21
     22
     26
     22
     21
     24
     24
     22
     30
     26
     27
     30
     24
     23
     27
     25
     24
     27
     27
     27
     28
     27
     26
     25
     30
     27
     27
     28
     28
     26
     31
     27
     28
     30
*
     21
     42
     52
     20
     18
     17
     16
     17
     19
     19
     21
     22
     26
     22
     21
     24
     24
     22
     30
     26
     27
     30
     24
     23
     27
     25
     24
     27
     27
     27
     28
     27
     26
     25
     30
     27
     27
     28
     28
     26
     31
     27
     28
     30
*
     22
     42
     52
     20
     18
     17
     16
     17
     19
     19
     21
     22
     26
     22
     21
     24
     24
     22
     30
     26
     27
     30
     24
     23
     27
     25
     24
     27
     27
     27
     28
     27
     26
     25
     30
     27
     27
     28
     28
     26
     31
     27
     28
     30
*
     23
     42
     52
     20
     18
     17
     16
     17
     19
     19
     21
     22
     26
     22
     21
     24
     24
     22
     30
     26
     27
     30
     24
     23
     27
     25
     24
     27
     27
     27
     28
     27
     26
     25
     30
     27
     27
     28
     28
     26
     31
     27
     28
     30
*
     24
     42
     52
     20
     18
     17
     16
     17
     19
     19
     21
     22
     26
     22
     21
     24
     24
     22
     30
     26
     27
     30
     24
     23
     27
     25
     24
     27
     27
     27
     28
     27
     26
     25
     30
     27
     27
     28
     28
     26
     31
     27
     28
     30
*
     25
     42
     52
     20
     18
     17
     16
     17
     19
     19
     21
     22
     26
     22
     21
     24
     24
     22
     30
     26
     27
     30
     24
     23
     27
     25
     24
     27
     27
     27
     28
     27
     26
     25
     30
     27
     27
     28
     28
     26
     31
     27
     28
     30
*
     26
     42
     52
     20
     18
     17
     16
     17
     19
     19
     21
     22
     26
     22
     21
     24
     24
     22
     30
     26
     27
     30
     24
     23
     27
     25
     24
     27
     27
     27
     28
     27
     26
     25
     30
     27
     27
     28
     28
     26
     31
     27
     28
     30
*
     27
     42
     52
     20
     18
     17
     16
     17
     19
     19
     21
     22
     26
     22
     21
     24
     24
     22
     30
     26
     27
     30
     24
     23
     27
     25
     24
     27
     27
     27
     28
     27
     26
     25
     30
     27
     27
     28
     28
     26
     31
     27
     28
     30
*
     28
     42
     52
     20
     18
     17
     16
     17
     19
     19
     21
     22
     26
     22
     21
     24
     24
     22
     30
     26
     27
     30
     24
     23
     27
     25
     24
     27
     27
     27
     28
     27
     26
     25
     30
     27
     27
     28
     28
     26
     31
     27
     28
     30
*
     29
     42
     52
     20
     18
     17
     16
     17
     19
     19
     21
     22
     26
     22
     21
     24
     24
     22
     30
     26
     27
     30
     24
     23
     27
     25
     24
     27
     27
     27
     28
     27
     26
     25
     30
     27
     27
     28
     28
     26
     31
     27
     28
     30
*
     30
     42
     52
     20
     18
     17
     16
     17
     19
     19
     21
     22
     26
     22
     21
     24
     24
     22
     30
     26
     27
     30
     24
     23
     27
     25
     24
     27
     27
     27
     28
     27
     26
     25
     30
     27
     27
     28
     28
     26
     31
     27
     28
     30
*
     31
     42
     52
     20
     18
     17
     16
     17
     19
     19
     21
     22
     26
     22
     21
     24
     24
     22
     30
     26
     27
     30
     24
     23
     27
     25
     24
     27
     27
     27
     28
     27
     26
     25
     30
     27
     27
     28
     28
     26
     31
     27
     28
     30
*
 e
