     10
     20 
*
      1
     19
   5585
   2420
   2475
   2420
   2475
   2420
   2420
   2530
   2585
   2695
   2640
   2585
   2585
   2750
   2750
   2695
   2860
   2805
   2750
*
      2
     20
   5555
   2585
   2365
   2310
   2365
   2365
   2475
   2585
   2585
   2585
   2585
   2585
   2585
   2530
   2530
   2530
   2585
   2640
   2500
   2890
*
      3
     20
   5610
   2585
   2365
   2310
   2365
   2475
   2365
   2475
   2585
   2475
   2420
   2530
   2585
   2585
   2585
   2640
   2695
   2695
   2695
   2805
*
      4
     20
   5885
   2640
   2420
   2310
   2365
   2475
   2475
   2475
   2475
   2420
   2475
   2475
   2530
   2585
   2585
   2530
   2585
   2585
   2585
   2695
*
      5
     20
   5390
   2640
   2420
   2420
   2420
   2530
   2475
   2420
   2475
   2530
   2640
   2640
   2640
   2640
   2640
   2695
   2640
   2750
   2805
   2805
*
      6
     20
   5115
   2750
   2420
   2365
   2365
   2585
   2530
   2530
   2695
   2695
   2585
   2530
   2640
   2640
   2640
   2750
   2640
   2805
   2750
   3080
*
      7
     20
   5500
   2585
   2365
   2310
   2420
   2420
   2475
   2475
   2475
   2420
   2475
   2475
   2530
   2585
   2585
   2640
   2750
   2860
   2860
   2860
*
      8
     20
   5555
   2640
   2420
   2420
   2365
   2420
   2530
   2530
   2530
   2475
   2475
   2530
   2585
   2530
   2585
   2640
   2695
   2695
   2695
   2860
*
      9
     20
   5335
   2695
   2365
   2365
   2530
   2475
   2530
   2475
   2530
   2585
   2530
   2530
   2640
   2640
   2640
   2695
   2640
   2750
   2860
   2915
*
     10
     20
   5390
   2640
   2420
   2420
   2420
   2420
   2475
   2420
   2640
   2585
   2530
   2585
   2640
   2640
   2750
   2695
   2805
   2860
   2915
   2860
*
 e
