     10
      7
*
      1
      5
  14080
  10010
   7645
   7590
   6985
*
      2
      6
  12870
   4785
   8085
  13915
   5885
   5775
*
      3
      5
   9625
  10890
   9130
   5170
  13145
*
      4
      7
  11550
   3245
   4840
  11055
   5225
   7040
   3850
*
      5
      4
  18480
   5940
  13310
  10120
*
      6
      5
  18315
   4290
   8470
  12705
  11165
*
      7
      4
  14135
   4070
   4620
  13475
*
      8
      6
  18865
   6875
   9790
   7315
   3465
   5555
*
      9
      7
  11110
   7645
   6875
   7700
   8030
   7370
   5995
*
     10
      4
  17710
   5390
  16445
   8030
*
 e
