     10
     98
*
      1
     98
   3480
    840
    720
    780
    780
    720
    780
    780
    780
    840
    780
    840
    840
    900
    900
    900
    900
    960
    960
    900
    960
   1080
    960
    960
   1020
   1020
   1020
   1080
   1080
    960
   1080
   1080
   1140
   1080
   1140
   1080
   1080
   1080
   1140
   1140
   1140
   1080
   1080
   1140
   1080
   1080
   1140
   1140
   1140
   1140
   1200
   1140
   1200
   1140
   1080
   1080
   1200
   1140
   1200
   1140
   1140
   1200
   1200
   1200
   1260
   1140
   1200
   1200
   1200
   1200
   1200
   1200
   1260
   1260
   1260
   1260
   1260
   1320
   1200
   1200
   1140
   1140
   1200
   1200
   1200
   1200
   1200
   1260
   1200
   1200
   1260
   1260
   1200
   1260
   1140
   1200
   1140
   1260
*
      2
     95
   3540
    840
    720
    780
    780
    780
    780
    780
    840
    840
    900
    900
    900
    960
    960
    960
    960
    960
    960
   1020
   1020
    960
   1080
   1080
   1020
   1080
   1080
   1020
   1080
   1140
   1080
   1080
   1260
   1140
   1200
   1080
   1140
   1080
   1140
   1200
   1140
   1140
   1140
   1260
   1140
   1260
   1080
   1200
   1200
   1200
   1200
   1200
   1260
   1200
   1200
   1080
   1200
   1200
   1140
   1260
   1140
   1140
   1380
   1200
   1260
   1200
   1260
   1140
   1260
   1320
   1200
   1140
   1320
   1320
   1200
   1200
   1200
   1260
   1320
   1320
   1260
   1200
   1260
   1320
   1260
   1320
   1200
   1260
   1380
   1320
   1200
   1320
   1200
   1320
   1320
*
      3
     96
   3540
    840
    780
    720
    840
    720
    840
    780
    840
    840
    900
    900
    900
    840
   1020
    960
   1020
    900
   1080
   1020
   1020
   1080
    960
   1080
   1020
   1080
   1020
   1140
   1020
   1140
   1140
   1080
   1140
   1140
   1140
   1080
   1140
   1140
   1080
   1080
   1140
   1140
   1140
   1140
   1140
   1200
   1140
   1140
   1200
   1140
   1200
   1200
   1140
   1260
   1080
   1200
   1260
   1080
   1200
   1200
   1200
   1140
   1200
   1140
   1260
   1140
   1140
   1140
   1200
   1200
   1260
   1140
   1260
   1200
   1200
   1200
   1200
   1260
   1320
   1260
   1260
   1260
   1200
   1140
   1260
   1200
   1260
   1200
   1320
   1200
   1260
   1260
   1260
   1260
   1260
   1500
*
      4
     94
   3360
    840
    780
    780
    780
    780
    840
    780
    780
    840
    900
    840
    900
    900
    960
    960
    960
    900
   1020
   1080
   1020
   1020
   1020
   1020
   1080
   1080
   1080
   1080
   1140
   1200
   1140
   1140
   1140
   1200
   1140
   1140
   1140
   1080
   1260
   1140
   1140
   1200
   1200
   1200
   1200
   1260
   1200
   1260
   1200
   1320
   1320
   1140
   1200
   1200
   1260
   1140
   1140
   1260
   1200
   1260
   1320
   1320
   1260
   1260
   1380
   1380
   1200
   1260
   1200
   1260
   1260
   1320
   1260
   1260
   1260
   1200
   1260
   1320
   1320
   1260
   1260
   1200
   1200
   1200
   1260
   1260
   1200
   1260
   1260
   1260
   1320
   1200
   1260
   1380
*
      5
     94
   3660
    840
    780
    720
    780
    780
    780
    840
    780
    840
    840
    900
    900
    840
    960
    960
   1020
    900
    900
   1020
   1020
   1020
   1020
   1020
   1020
   1080
   1080
   1020
   1080
   1080
   1080
   1140
   1080
   1080
   1080
   1200
   1020
   1200
   1140
   1200
   1140
   1140
   1140
   1080
   1200
   1140
   1140
   1200
   1140
   1200
   1260
   1200
   1200
   1200
   1260
   1260
   1260
   1080
   1320
   1200
   1260
   1260
   1200
   1260
   1260
   1260
   1200
   1320
   1320
   1320
   1380
   1320
   1260
   1200
   1380
   1140
   1260
   1260
   1320
   1320
   1200
   1260
   1320
   1260
   1260
   1320
   1260
   1320
   1260
   1260
   1260
   1260
   1320
   1380
*
      6
     96
   3360
    900
    780
    840
    720
    840
    780
    780
    900
    840
    960
    780
    900
    900
    960
    900
    960
    960
   1020
   1020
   1020
   1020
   1080
   1020
   1080
   1080
   1080
   1080
   1080
   1080
   1140
   1080
   1080
   1140
   1140
   1140
   1080
   1140
   1140
   1140
   1200
   1080
   1140
   1140
   1200
   1140
   1200
   1140
   1140
   1200
   1200
   1320
   1200
   1140
   1200
   1140
   1200
   1200
   1260
   1200
   1200
   1260
   1200
   1260
   1200
   1200
   1260
   1260
   1260
   1200
   1260
   1260
   1260
   1260
   1140
   1260
   1200
   1260
   1320
   1260
   1200
   1260
   1320
   1260
   1260
   1200
   1260
   1140
   1260
   1260
   1200
   1260
   1200
   1320
   1260
   1500
*
      7
     95
   3120
    900
    780
    780
    780
    780
    780
    780
    900
    840
    840
    840
    840
    960
    960
    840
   1080
    960
    960
    960
   1020
    960
   1020
    960
   1140
   1140
   1080
   1080
   1080
   1020
   1140
   1080
   1080
   1020
   1260
   1140
   1200
   1140
   1200
   1200
   1140
   1200
   1200
   1200
   1140
   1140
   1260
   1200
   1080
   1260
   1200
   1260
   1200
   1260
   1260
   1200
   1200
   1260
   1320
   1260
   1320
   1260
   1140
   1200
   1200
   1260
   1200
   1140
   1260
   1200
   1260
   1200
   1260
   1320
   1260
   1200
   1260
   1320
   1260
   1320
   1260
   1200
   1320
   1260
   1260
   1260
   1260
   1380
   1260
   1320
   1260
   1260
   1260
   1260
   1680
*
      8
     87
   3300
    900
    780
    780
    840
    780
    840
    840
    840
    900
    900
    840
    960
    960
    960
   1020
   1020
   1020
   1140
   1080
   1140
   1080
   1140
   1140
   1080
   1200
   1080
   1200
   1140
   1200
   1260
   1260
   1200
   1200
   1140
   1260
   1140
   1200
   1260
   1260
   1260
   1200
   1380
   1260
   1260
   1260
   1320
   1380
   1560
   1500
   1680
   1440
   1380
   1320
   1260
   1320
   1320
   1200
   1260
   1260
   1260
   1260
   1200
   1260
   1260
   1200
   1260
   1200
   1260
   1380
   1320
   1260
   1320
   1680
   1500
   1500
   1440
   1500
   1500
   1560
   1620
   1620
   1800
   1500
   1560
   1500
   1860
*
      9
     94
   3480
    900
    780
    780
    780
    780
    840
    840
    900
    840
    960
    960
    960
    960
    960
    960
   1020
    960
   1020
   1020
   1020
    960
   1020
   1080
   1080
   1200
   1080
   1140
   1140
   1080
   1200
   1140
   1200
   1200
   1080
   1260
   1140
   1200
   1140
   1200
   1200
   1140
   1200
   1140
   1200
   1140
   1200
   1200
   1140
   1200
   1260
   1200
   1140
   1260
   1200
   1200
   1260
   1260
   1140
   1260
   1260
   1200
   1200
   1200
   1200
   1260
   1200
   1320
   1260
   1260
   1200
   1200
   1320
   1260
   1260
   1320
   1320
   1320
   1260
   1140
   1320
   1260
   1260
   1200
   1320
   1320
   1260
   1200
   1260
   1200
   1260
   1260
   1380
   1440
*
     10
     93
   3480
    840
    840
    780
    780
    780
    840
    780
    840
    900
    900
    900
    960
    960
    960
    960
   1020
    960
    960
   1020
   1080
   1020
   1140
   1080
   1020
   1080
   1080
   1080
   1140
   1140
   1140
   1140
   1200
   1140
   1140
   1140
   1140
   1140
   1200
   1260
   1200
   1200
   1140
   1080
   1260
   1140
   1200
   1140
   1260
   1140
   1200
   1140
   1260
   1260
   1320
   1380
   1320
   1200
   1320
   1320
   1260
   1200
   1260
   1200
   1260
   1320
   1200
   1200
   1260
   1200
   1200
   1260
   1260
   1320
   1200
   1200
   1260
   1260
   1260
   1260
   1260
   1260
   1260
   1320
   1260
   1320
   1260
   1260
   1260
   1320
   1260
   1320
   1380
*
 e
