     10
     21  
*
      1
     21
   5350
   2570
   2255
   2310
   2310
   2420
   2365
   2365
   2420
   2475
   2475
   2475
   2530
   2625
   2625
   2695
   2585
   2640
   2585
   2585
   2750
*
      2
     20
   5610
   2585
   2365
   2310
   2420
   2365
   2420
   2365
   2475
   2475
   2530
   2420
   2530
   2530
   2530
   2585
   2640
   2585
   2640
   2695
*
      3
     20
   5610
   2640
   2310
   2310
   2310
   2310
   2365
   2420
   2475
   2475
   2475
   2530
   2640
   2530
   2640
   2640
   2640
   2695
   2695
   2695
*
      4
     21
   5665
   2640
   2365
   2310
   2365
   2365
   2420
   2530
   2530
   2585
   2530
   2475
   2475
   2420
   2585
   2475
   2475
   2570
   2655
   2640
   3245
*
      5
     20
   5720
   2640
   2365
   2365
   2420
   2530
   2475
   2530
   2475
   2530
   2475
   2530
   2530
   2585
   2640
   2585
   2695
   2695
   2695
   2970
*
      6
     20
   5940
   2585
   2365
   2310
   2310
   2420
   2530
   2530
   2420
   2530
   2475
   2530
   2585
   2530
   2750
   2695
   2695
   2750
   2805
   3080
*
      7
     20
   5940
   2640
   2365
   2310
   2420
   2640
   2530
   2530
   2475
   2530
   2530
   2585
   2585
   2585
   2585
   2585
   2695
   2695
   2640
   2915
*
      8
     20
   5335
   2585
   2365
   2310
   2310
   2420
   2475
   2475
   2420
   2475
   2530
   2450
   2500
   2585
   2585
   2585
   2585
   2640
   2640
   2750
*
      9
     20
   5830
   2585
   2475
   2420
   2420
   2530
   2530
   2530
   2530
   2530
   2475
   2530
   2585
   2585
   2640
   2585
   2640
   2695
   2695
   3190
*
     10
     20
   5775
   2640
   2420
   2420
   2420
   2475
   2530
   2530
   2530
   2585
   2475
   2475
   2585
   2695
   2695
   2695
   2805
   2750
   2750
   2915
*
 e
