     10
     12
*
      1
     12
   7645
   3135
   2970
   3520
   3410
   3960
   4070
   4675
   3795
   3960
   4675
   4895
*
      2
     12
   7700
   3100
   3280
   4015
   3410
   4345
   5335
   3850
   4785
   4785
   3575
   4125
*
      3
     12
   7480
   3135
   3410
   4125
   4125
   4125
   4840
   4345
   4180
   5445
   4840
   4895
*
      4
     12
   7645
   3025
   3025
   3575
   3520
   4180
   4455
   4070
   4125
   4785
   3850
   4125
*
      5
     12
   7975
   3080
   3135
   3465
   4455
   4345
   3245
   4345
   4675
   3630
   4840
   4730
*
      6
     11
   9735
   2915
   2915
   3905
   3740
   4895
   3465
   3960
   3630
   4510
   4895
*
      7
     12
   8195
   3190
   3190
   4345
   3850
   3520
   4180
   4125
   5005
   4895
   4785
   3630
*
      8
     11
   9350
   3025
   3135
   3630
   3850
   4675
   4455
   3740
   3740
   4895
   3850
*
      9
     12
   7095
   4180
   3520
   3685
   4620
   4345
   3960
   4180
   4345
   4015
   5390
   5885
*
     10
     12
   7920
   3025
   3355
   3520
   4345
   3685
   4400
   4070
   3575
   3740
   5115
   5115
*
 e
