     10
     18
*
      1
     17
   6435
   2365
   2310
   2475
   2695
   2695
   2530
   2640
   2695
   2860
   3135
   3520
   3190
   3300
   3520
   3135
   4290
*
      2
     18
   5940
   2640
   2365
   2365
   2695
   2695
   2640
   2750
   2915
   2860
   2970
   3025
   3080
   2970
   2970
   3025
   3080
   4510
*
      3
     18
   5390
   2695
   2420
   2475
   2585
   2695
   2695
   2695
   2860
   2805
   2750
   2800
   2975
   2915
   3025
   3080
   3025
   3685
*
      4
     17
   6215
   2750
   2530
   2475
   2475
   2695
   2695
   2750
   2860
   3025
   3190
   3025
   2915
   3300
   2970
   3245
   3685
*
      5
     18
   4675
   2695
   2475
   2475
   2475
   2585
   3025
   2860
   2805
   2750
   2860
   2860
   2805
   3080
   3135
   3300
   3300
   3630
*
      6
     17
   6160
   2585
   2420
   2420
   2475
   2970
   2750
   3190
   2970
   2970
   2970
   2915
   2970
   3080
   3190
   3025
   2970
*
      7
     17
   6105
   2695
   2420
   2420
   2585
   2860
   2915
   2805
   2860
   2750
   2750
   3080
   3190
   3190
   3300
   3300
   3355
*
      8
     17
   5610
   2695
   2420
   2420
   2585
   2695
   2805
   2915
   3025
   3080
   2970
   3080
   2915
   3025
   2860
   3135
   3355
*
      9
     17
   6270
   2640
   2420
   2530
   2695
   2640
   2640
   2750
   2750
   2805
   3080
   2970
   2915
   2970
   3025
   3465
   3355
*
     10
     18
   5830
   2695
   2530
   2530
   2530
   2695
   2860
   2805
   2915
   2860
   2805
   2915
   2750
   3025
   3190
   3025
   2970
   3465
*
 e
